70444287
70444432
70446217
70446417
62832745
62833293
62833614
62833769
62835807
68916604
70439047
70439051
70439053
70439071
70439081
70439110
70439113
70439156
70439158
70439245
70439372
70439431
70439551
70439613
70439742
70439766
70439887
70439940
70439952
70439973
70439991
70440009
70440042
70440043
70440470
70440513
70440519
70440533
70440639
70440768
70440822
70440840
70443135
70443276
70443614
70443654
70443715
70443839
70443858
70443871
70443873
70443891
70443914
70443924
70443927
70443989
70444186
70444229
70444293
70444304
70444324
70444325
70444340
70444365
70444367
70444401
70444403
70444454
70444456
70444498
70444530
70444533
70444535
70444538
70444547
70444548
70444555
70444616
70444624
70444631
70444633
70444645
70444685
70444782
70444791
70444874
70445615
70445756
70445867
70445872
70445896
70445912
70445930
70446064
70446131
70446133
70446138
70446346
70446367
70446415
70446468
70446508
70446517
70446559
70446641
